046396018373
885911571111
885911557818
046396860330
885911375955
045242505333
045242541041
033287171347
033287150250
033287171293
033287181995
033287176991
033287171385
033287166039
033287175680
045242543847
045242532902
045242533022
033287186181
033287171330
885911449861
885911523479
885911717489
885911537018
885911186278
885911350013
885911531757
885911440011
045242505296
r0230
743184007358
076174736250
885911698429
648846067384
648846066035
885911457910
045242364220
885911223522
885911465427
2607-20
48-59-2401
033287173358
p191
p192
885911625159
885911378406
885911482219
045242313426
045242505289
045242363858
885911458306
033287177998
648846071763
648846069326
648846071770
028875007887
dwfp55136
028877374260
028877349046
885911534239
076174452266
820909998068
636893404795
885911637671
p102
033287167029
648846074078
885911397230
885911520515
885911310321
045242006243
885911481571
885911483063
885911657358
885911412933
885911513111
028875070843
885911425445
885911275606
0332871670
033287167012
033287174447
033287158690
033287173310
033287171187
033287170005
033287164776
033287164769
033287178452
033287175802
033287175475
033287139576
033287173280
033287170937
033287163267
033287161256
045242574254
045242502240
045242063437
045242520756
045242244270
045242541010
045242197163
045242242221
045242502233
045242485116
045242473144
045242362752
045242309429
045242521203
045242557622
045242515226
045242479160
045242347148
045242287659
045242569595
045242541355
045242286782
045242241521
045242485833
045242529766
045242350506
045242516223
045242519200
045242473991
045242504435
076174755220
48-59-2420
045242508150
045242504411
037103329332
885911454162
0885-20
2630-20
2132-20
045242006977
045242526048
2131-20
045242548385
045242493876
045242532896
045242526949
045242364237
045242006670
648846066158
648846071336
648846068718
r3031
045242154975
045242262274
045242006489
045242309412
045242321599
045242005178
045242293681
045242001767
p505
885911674997
p705
648846051093
033287163083
DW511
DCF620
dwe402w
DCS380B
dwe575
dwe4011
dcf809c2
dww6411k
636893403828
088381675802
885911329163
dwe6423
885911543217
885911269209
076174750492
885911373609
885911349239
885911377782
885911477406
076174707816
885911244848
885911704328
885911655217
885911593175
885911676595
885911513753
885911676083
885911348843
885911209823
885911659703
028877328997
885911656665
885911682701
885911315166
885911528900
648846003337
648846023175
648846023168
045242542536
885911479950
885911274500
885911261005
885911349000
648846024325
033287182244
885911470919
885911433723
p343
045242350636
033287178001
885911457132
045242287642
885911605359
dwe7480
045242527892
088381878142
033287181209
885911690751
885911007818
tss102
5268-21
6852-20
5546-21
6332-20
rj1861v
p524
045242509003
045242514427
885911625173
033287177509
033287171309
033287174461
033287162253
033287186396
033287168927
033287171477
033287175796
033287178919
033287174508
033287178889
033287178902
033287178896
033287170760
871613009861
033287173334
000346388510
027488604933
6956117200809
885911540018
028877505749
885911369329
885911513678
885911482226
885911676588
076174472523
028877473949
885911351409
028877571041
885911450706
648846071206
045242532247
045242303618
045242572335
045242532919
045242527502
045242321575
045242351138
045242204731
045242474455
045242226214
045242318421
045242502776
045242521180
045242485093
045242300785
045242327867
045242239610
885911656450
648846053455
648846069579
648846051369
648846074344
648846074061
648846065878
850650002677
095691329202
648846065137
648846069586
648846067377
648846068862
648846069562
648846069593
648846065571
095691400437
076174833010
HD1800
WD4070
HD0600
HD1401
HD1200
HD2505
HD0900
r24011
r8643
r2501
6143-30
045242001941
dcs371
dcf899
2767-20
2743-20
dwfp12233
028877357461
885911349277
885911346726
885911449168
2720-20
2680-20
045242200436
045242479092
033287177387
dcb201
dcb118
dcb113
dcb106
dcb115
r840086
r840089
r840087
r840092
r840093
48-11-2460
48-11-1880
48-11-1828
48-11-1840
48-11-1850
48-11-1815
48-11-1820
2729-20
6232-21
5446-21
p118
r840095
48-11-2440
48-11-2402
0880-20
6130-33
6519-31
5626-21
7200-20
3107-6
1675-1
045242559763
48-32-4079
2415-20
2520-20
2402-20
2553-20
045242237227
49-24-0146
2754-20
2590-20
2730-20
2780-20
2410-20
2504-20
2411-20
2902-20
2804-20
2801-20
2606-20
2853-20
2850-20
2656-20
2627-20
2737-20
2420-20
2457-20
2426-20
2450-20
2462-20
2401-20
885911539524
045242542499
045242501076
48-59-1812
885911572057
885911452502
076174773743
885911480192
045242200986
045242540990
045242356171
885911456906
885911669344
028877428093
885911522212
885911378437
028875069137
885911242004
885911486316
885911482233
885911618304
885911271110
885911481410
076174723649
885911395762
045242297696
885911495400
885911262316
885911500555
076174742718
885911274418
028876006254
885911330367
885911676526
885911676908
885911524049
885911524056
648846071244
885911476126
885911310314
885911617543
885911592239
045242548378
045242005833
045242493883
731161050923
826341042956
644323750206
033287170470
076174205411
076174200003
076174104882
076174770827
885911226523
076174205442
028877334752
885911480420
028877311029
028877308937
028877308944
076174750218
076174738094
076174802764
076174675306
076174620580
076174665697
076174692334
885911411844
885911555708
885911555715
076174432398
885911572477
885911618632
885911361637
885911655583
885911650724
885911680509
028877528144
885911693004
885911359603
885911680530
885911680523
885911680493
885911359610
885911572064
885911598224
033287164882
033287179046
033287179268
033287186921
1004613090
033287174751
033287173792
033287160556
033287169986
033287174645
033287173372
033287179619
033287173297
033287169221
033287177899
033287178247
033287173815
033287166480
033287160679
033287177295
033287139620
033287175765
033287166282
033287186419
033287135264
033287150304
033287160587
033287176410
033287171941
033287164790
033287164493
033287173808
076174822984
648846051116
648846052724
648846023632
648846066936
648846023687
076174703245
D28715
D55146
885911231602
885911312103
885911605366
076174755435
DWX726
885911177801
028875207348
885911385411
045242559855
045242519231
3040972545946
045242293261
045242472628
2656-22CT
045242288311
045242364244
045242505999
045242527854
045242502431
045242002436
045242150434
045242005154
045242559510
045242559480
045242509041
045242483099
045242158812
045242502738
045242561681
045242560233
045242293025
045242516506
045242570072
045242558179
045242244539
045242159338
2722-20
045242002344
045242337781
045242195732
045242158799
045242508983
045242268153
045242520961
045242537785
045242318834
045242313655
045242257560
045242546121
045242519958
045242475384
045242504749
6033-21
045242541232
045242262267
045242155965
045242195930
045242303601
045242513970
045242532551
045242506019
0882-20
045242307937
045242508174
045242237203
045242537792
DW08302
076174711899
076174755275
885911470902
885911487078
885911413725
885911636353
885911442510
076174980691
885911593182
885911428712
885911425421
885911509473
028877493107
885911501118
885911532143
885911269223
076174707731
885911305259
885911452748
885911636322
885911457835
648846050546
648846069937
648846068688
648846070278
R45171NS
648846071220
648846003344
648846068985
648846074306
648846074320
648846065717
R840089
R840087
R86092
R8223500
R8652
R8694
R86009
R86035
R86034
R86037
R860054
R860052
R86116
R8611503
R86090B
R8223409B
R9700
R84086B
R7122
R8654B
R7135
R6791
R82005K
648846050263
648846066004
648846066561
648846066172
648846051345
648846066493
648846065595
648846074276
648846050089
648846073514
648846070018
648846066479
648846071
648846070094
648846072944
648846072463
648846072548
648846054728
648846052410
648846052809
648846066240
648846074313
648846066288
648846066226
648846074153
648846068855
648846065915
033287178766
033287147960
033287164905
033287178841
033287176434
P237
033287172313
P271
P738
P591
P523
033287176328
033287178780
033287135233
033287143313
033287176977
033287162246
033287163274
033287163281
033287155811
033287186242
P340
033287150632
P714K
033287169870
033287174140
033287167401
033287173778
033287177257
033287167708
046396016089
033287159833
033287186259
033287186198
033287169603
033287163236
033287177844
033287186204
033287155781
033287186228
033287186235
033287164806
033287168040
033287164509
033287173266
033287174867
033287159826
033287170739
DCKTS882D2M1
dcs355
dcf883
DCS381
DCD711
DCs393
DCL040
DCd785
DCf885
DCB204
DCB203
DCKTS425D1M1
885911333535
885911570817
DWS780
885911482653
DWS520
028877568836
885911540001
DXAEPS2
028877355146
885911460538
DW331
dwe305
dcd708
dcd771
dcf809
dcg414
dcb112
076174747386
885911450546
885911465625
885911607018
885911551113
885911425315
885911413510
885911274555
885911440028
885911379205
DW272
dcs571b
885911489768
885911620208
885911229043
814632012979
885911395748
028875023504
885911406703
DWD110K
028877320892
885911431200
885911209809
885911482042
885911316804
885911212120
885911471725
885911325905
885911355858
885911278799
885911448536
885911330381
885911385725
885911482356
885911479998
885911239851
885911191821
885911482240
885911308304
885911333184
885911627306
885911479394
885911489355
885911468039
885911557504
885911312004
885911356602
885911610551
885911459303
885911461108
885911435376
dcs369b
885911260800
885911425360
885911618533
885911618311
885911449373
885911621151
885911262330
885911593168
674326233383
885911484404
885911425452
885911418102
885911491679
885911425308
885911481403
885911593199
885911461269
885911625142
816672023588
885911274449
885911349291
885911551533
885911319300
814632012689
885911425520
885911307000
885911451604
885911362801
885911344111
885911262354